{
  "height": 28,
  "width": 38,
  "x": 1005.765625,
  "y": 410.21875
}